# File generated by CMD 2.7 (http://stev.oapd.inaf.it/cmd) on Tue Aug 29 23:11:04 CEST 2017
# PARSEC isochrones, release v1.2S
# Basic references: Bressan et al. (2012), MNRAS, 427, 127 + Chen et al. (2014), MNRAS, 444, 2525 + Tang et al. (2014), MNRAS, 445, 4287 + Chen et al. (2015), MNRAS accepted
# Warning: the TP-AGB phase is not included! TP-AGB tracks are in preparation by Marigo et al.
# Photometric system: DECAM (ABmags)
# Using OBC version of bolometric corrections as detailed in Marigo et al. (2008, A&A 482, 883) and Girardi et al. (2008, PASP 120, 583)
# BCs of Carbon stars derive from Aringer et al. (2009, A&A 503, 913)
# O-rich circumstellar dust ignored
# C-rich circumstellar dust ignored
# IMF: Chabrier (2001) lognormal 
# On RGB, assumed Reimers mass loss with efficiency eta=0.2
# Kind of output: isochrone tables
#	Isochrone  Z = 0.00010	Y = 0.24900	[M/H] = -2.192	eta_R = 0.200	Age = 	1.0000e+10 yr
#      Z	log(age/yr)	M_ini   	M_act	logL/Lo	logTe	logG	mbol    u       g       r       i       z       Y	int_IMF	stage
	0.000100	10.0000	0.10000000	0.1000	-2.7824	3.5584	5.4062	11.726	16.044	13.719	12.187	11.546	11.255	11.149	1.57040203	1
	0.000100	10.0000	0.10796302	0.1080	-2.6551	3.5715	5.3646	11.408	15.374	13.194	11.752	11.202	10.925	10.824	1.64517975	1
	0.000100	10.0000	0.12000000	0.1200	-2.4795	3.5896	5.3072	10.969	14.435	12.485	11.207	10.736	10.487	10.396	1.74782515	1
	0.000100	10.0000	0.14000000	0.1400	-2.2960	3.6037	5.2468	10.510	13.623	11.839	10.685	10.261	10.034	9.952	1.89584959	1
	0.000100	10.0000	0.14472412	0.1447	-2.2607	3.6058	5.2345	10.422	13.496	11.730	10.590	10.172	9.948	9.867	1.92725194	1
	0.000100	10.0000	0.16000000	0.1600	-2.1539	3.6124	5.1974	10.155	13.112	11.400	10.305	9.902	9.687	9.610	2.02115250	1
	0.000100	10.0000	0.20000000	0.2000	-1.9336	3.6243	5.1218	9.604	12.347	10.736	9.722	9.346	9.148	9.078	2.22178221	1
	0.000100	10.0000	0.25000000	0.2500	-1.7334	3.6348	5.0605	9.103	11.674	10.144	9.191	8.839	8.657	8.593	2.40809011	1
	0.000100	10.0000	0.30000001	0.3000	-1.5806	3.6434	5.0212	8.721	11.152	9.688	8.784	8.451	8.282	8.223	2.54750419	1
	0.000100	10.0000	0.34999999	0.3500	-1.4547	3.6513	4.9940	8.407	10.709	9.308	8.448	8.132	7.974	7.920	2.65552020	1
	0.000100	10.0000	0.40000001	0.4000	-1.3367	3.6592	4.9657	8.112	10.290	8.955	8.137	7.838	7.690	7.640	2.74133730	1
	0.000100	10.0000	0.44999999	0.4500	-1.1918	3.6723	4.9243	7.749	9.723	8.499	7.747	7.476	7.346	7.303	2.81098008	1
	0.000100	10.0000	0.50000000	0.4999	-1.0316	3.6865	4.8667	7.349	9.116	8.012	7.328	7.085	6.973	6.938	2.86847806	1
	0.000100	10.0000	0.55000001	0.5499	-0.8376	3.7051	4.7883	6.864	8.378	7.426	6.828	6.619	6.530	6.503	2.91663504	1
	0.000100	10.0000	0.60000002	0.5999	-0.6389	3.7287	4.7218	6.367	7.613	6.829	6.330	6.163	6.099	6.084	2.95739889	1
	0.000100	10.0000	0.61212349	0.6120	-0.5884	3.7354	4.7067	6.241	7.426	6.680	6.208	6.051	5.994	5.982	2.96636248	1
	0.000100	10.0000	0.62678927	0.6266	-0.5273	3.7435	4.6882	6.088	7.199	6.500	6.059	5.916	5.867	5.858	2.97678113	1
	0.000100	10.0000	0.63989168	0.6397	-0.4722	3.7507	4.6712	5.951	6.998	6.339	5.926	5.795	5.753	5.747	2.98571467	1
	0.000100	10.0000	0.64999998	0.6498	-0.4295	3.7563	4.6575	5.844	6.854	6.218	5.825	5.702	5.666	5.662	2.99236870	1
	0.000100	10.0000	0.65781516	0.6576	-0.3962	3.7604	4.6459	5.760	6.744	6.124	5.745	5.629	5.597	5.595	2.99737740	1
	0.000100	10.0000	0.67037302	0.6701	-0.3420	3.7670	4.6263	5.625	6.565	5.972	5.616	5.510	5.484	5.485	3.00518823	1
	0.000100	10.0000	0.68273544	0.6825	-0.2880	3.7734	4.6057	5.490	6.388	5.821	5.487	5.390	5.371	5.374	3.01260519	1
	0.000100	10.0000	0.69371909	0.6934	-0.2393	3.7789	4.5860	5.368	6.239	5.687	5.371	5.282	5.268	5.274	3.01898003	1
	0.000100	10.0000	0.69999999	0.6997	-0.2111	3.7820	4.5742	5.298	6.154	5.609	5.303	5.219	5.208	5.215	3.02253795	1
	0.000100	10.0000	0.70250130	0.7022	-0.1998	3.7832	4.5691	5.270	6.121	5.579	5.276	5.194	5.184	5.191	3.02393794	1
	0.000100	10.0000	0.71423537	0.7139	-0.1453	3.7886	4.5435	5.133	5.961	5.431	5.145	5.071	5.067	5.076	3.03037763	1
	0.000100	10.0000	0.72525841	0.7249	-0.0925	3.7936	4.5174	5.001	5.806	5.288	5.018	4.952	4.952	4.963	3.03624320	1
	0.000100	10.0000	0.73565072	0.7352	-0.0407	3.7983	4.4903	4.872	5.656	5.147	4.893	4.833	4.838	4.851	3.04161692	1
	0.000100	10.0000	0.74472159	0.7442	0.0065	3.8023	4.4643	4.754	5.524	5.020	4.778	4.724	4.733	4.747	3.04618835	1
	0.000100	10.0000	0.75000000	0.7495	0.0349	3.8045	4.4480	4.683	5.445	4.943	4.708	4.659	4.670	4.684	3.04879928	1
	0.000100	10.0000	0.75737333	0.7568	0.0754	3.8079	4.4253	4.581	5.333	4.834	4.609	4.565	4.579	4.595	3.05238724	1
	0.000100	10.0000	0.76595950	0.7654	0.1254	3.8119	4.3961	4.456	5.195	4.698	4.487	4.449	4.467	4.484	3.05648088	1
	0.000100	10.0000	0.77418315	0.7735	0.1767	3.8157	4.3647	4.328	5.054	4.560	4.361	4.329	4.351	4.369	3.06031919	1
	0.000100	10.0000	0.78187346	0.7812	0.2281	3.8193	4.3317	4.200	4.914	4.422	4.234	4.208	4.233	4.252	3.06383777	1
	0.000100	10.0000	0.79113513	0.7903	0.2957	3.8234	4.2858	4.031	4.730	4.241	4.066	4.047	4.077	4.097	3.06798720	1
	0.000100	10.0000	0.79968703	0.7988	0.3653	3.8270	4.2349	3.857	4.545	4.056	3.893	3.881	3.913	3.935	3.07173491	1
	0.000100	10.0000	0.80000001	0.7991	0.3679	3.8271	4.2330	3.850	4.538	4.049	3.887	3.874	3.907	3.928	3.07187057	1
	0.000100	10.0000	0.80124688	0.8003	0.3781	3.8276	4.2257	3.825	4.511	4.021	3.861	3.850	3.883	3.905	3.07240987	1
	0.000100	10.0000	0.80724269	0.8062	0.4308	3.8299	4.1853	3.693	4.372	3.882	3.730	3.723	3.758	3.780	3.07497883	1
	0.000100	10.0000	0.81388861	0.8128	0.4939	3.8316	4.1323	3.535	4.208	3.716	3.571	3.568	3.605	3.627	3.07778096	1
	0.000100	10.0000	0.81521541	0.8141	0.5077	3.8316	4.1194	3.501	4.173	3.681	3.536	3.533	3.570	3.592	3.07833481	1
	0.000100	10.0000	0.81840140	0.8172	0.5438	3.8312	4.0835	3.411	4.082	3.589	3.445	3.442	3.478	3.500	3.07965732	1
	0.000100	10.0000	0.82187819	0.8206	0.5878	3.8291	4.0326	3.300	3.975	3.481	3.332	3.325	3.360	3.381	3.08108830	1
	0.000100	10.0000	0.82479346	0.8235	0.6296	3.8256	3.9787	3.196	3.878	3.381	3.223	3.212	3.244	3.264	3.08227873	2
	0.000100	10.0000	0.82706732	0.8257	0.6685	3.8200	3.9183	3.099	3.795	3.294	3.121	3.102	3.127	3.146	3.08320117	2
	0.000100	10.0000	0.82880795	0.8274	0.7032	3.8127	3.8554	3.012	3.730	3.222	3.029	2.998	3.017	3.033	3.08390403	2
	0.000100	10.0000	0.83017039	0.8287	0.7348	3.8039	3.7892	2.933	3.678	3.162	2.943	2.899	2.910	2.923	3.08445191	2
	0.000100	10.0000	0.83126849	0.8297	0.7642	3.7937	3.7196	2.860	3.642	3.113	2.864	2.804	2.804	2.814	3.08489227	2
	0.000100	10.0000	0.83218873	0.8306	0.7920	3.7827	3.6480	2.790	3.619	3.071	2.788	2.712	2.701	2.706	3.08526015	2
	0.000100	10.0000	0.83299649	0.8314	0.8187	3.7720	3.5790	2.723	3.603	3.033	2.717	2.624	2.603	2.604	3.08558249	2
	0.000100	10.0000	0.83371377	0.8320	0.8455	3.7626	3.5149	2.656	3.590	2.993	2.647	2.539	2.508	2.505	3.08586836	2
	0.000100	10.0000	0.83442467	0.8327	0.8807	3.7543	3.4470	2.568	3.549	2.929	2.556	2.435	2.396	2.389	3.08615088	2
	0.000100	10.0000	0.83497828	0.8332	0.9179	3.7491	3.3891	2.475	3.488	2.851	2.462	2.333	2.288	2.279	3.08637071	2
	0.000100	10.0000	0.83552301	0.8337	0.9632	3.7450	3.3278	2.362	3.406	2.751	2.347	2.212	2.163	2.152	3.08658671	3
	0.000100	10.0000	0.83604610	0.8341	1.0135	3.7421	3.2662	2.236	3.302	2.635	2.221	2.081	2.029	2.017	3.08679390	3
	0.000100	10.0000	0.83653724	0.8346	1.0642	3.7396	3.2056	2.109	3.194	2.516	2.094	1.950	1.895	1.882	3.08698821	3
	0.000100	10.0000	0.83695072	0.8349	1.1097	3.7378	3.1530	1.996	3.093	2.408	1.980	1.833	1.776	1.762	3.08715153	3
	0.000100	10.0000	0.83734548	0.8352	1.1557	3.7361	3.1005	1.881	2.990	2.298	1.865	1.716	1.657	1.642	3.08730721	3
	0.000100	10.0000	0.83775264	0.8355	1.2065	3.7343	3.0428	1.754	2.876	2.177	1.738	1.586	1.525	1.509	3.08746791	3
	0.000100	10.0000	0.83809686	0.8358	1.2526	3.7329	2.9909	1.638	2.771	2.066	1.623	1.468	1.406	1.389	3.08760333	3
	0.000100	10.0000	0.83843857	0.8360	1.3019	3.7313	2.9355	1.515	2.659	1.947	1.499	1.342	1.278	1.261	3.08773780	3
	0.000100	10.0000	0.83874983	0.8362	1.3506	3.7297	2.8804	1.393	2.550	1.830	1.376	1.217	1.151	1.133	3.08786035	3
	0.000100	10.0000	0.83903950	0.8363	1.3998	3.7282	2.8252	1.271	2.439	1.712	1.253	1.092	1.024	1.005	3.08797407	3
	0.000100	10.0000	0.83929950	0.8364	1.4477	3.7267	2.7714	1.151	2.330	1.597	1.133	0.969	0.900	0.881	3.08807611	3
	0.000100	10.0000	0.83953494	0.8365	1.4949	3.7251	2.7179	1.033	2.225	1.485	1.015	0.848	0.777	0.757	3.08816862	3
	0.000100	10.0000	0.83974510	0.8365	1.5409	3.7236	2.6660	0.918	2.126	1.376	0.900	0.731	0.658	0.638	3.08825111	3
	0.000100	10.0000	0.83994597	0.8365	1.5887	3.7221	2.6120	0.798	2.022	1.263	0.781	0.609	0.535	0.513	3.08832979	3
	0.000100	10.0000	0.84012431	0.8365	1.6350	3.7205	2.5593	0.682	1.924	1.154	0.666	0.491	0.415	0.393	3.08839965	3
	0.000100	10.0000	0.84028393	0.8364	1.6801	3.7189	2.5079	0.570	1.828	1.048	0.553	0.376	0.298	0.275	3.08846211	3
	0.000100	10.0000	0.84043425	0.8363	1.7265	3.7173	2.4553	0.454	1.730	0.939	0.438	0.258	0.178	0.154	3.08852100	3
	0.000100	10.0000	0.84056872	0.8362	1.7717	3.7157	2.4036	0.341	1.635	0.833	0.325	0.142	0.060	0.036	3.08857369	3
	0.000100	10.0000	0.84068835	0.8360	1.8153	3.7141	2.3535	0.232	1.545	0.732	0.216	0.031	-0.053	-0.079	3.08862042	3
	0.000100	10.0000	0.84080207	0.8359	1.8602	3.7126	2.3021	0.119	1.451	0.627	0.104	-0.084	-0.170	-0.196	3.08866501	3
	0.000100	10.0000	0.84090477	0.8356	1.9041	3.7110	2.2518	0.010	1.361	0.525	-0.005	-0.196	-0.284	-0.311	3.08870530	3
	0.000100	10.0000	0.84099871	0.8354	1.9474	3.7093	2.2017	-0.099	1.272	0.424	-0.113	-0.307	-0.397	-0.425	3.08874202	3
	0.000100	10.0000	0.84108645	0.8351	1.9913	3.7077	2.1512	-0.208	1.182	0.323	-0.222	-0.419	-0.511	-0.540	3.08877611	3
	0.000100	10.0000	0.84116662	0.8348	2.0348	3.7061	2.1011	-0.317	1.093	0.222	-0.330	-0.531	-0.624	-0.653	3.08880758	3
	0.000100	10.0000	0.84123737	0.8344	2.0765	3.7044	2.0525	-0.421	1.009	0.126	-0.434	-0.637	-0.732	-0.763	3.08883524	3
	0.000100	10.0000	0.84130520	0.8341	2.1199	3.7028	2.0023	-0.530	0.921	0.026	-0.542	-0.748	-0.845	-0.876	3.08886170	3
	0.000100	10.0000	0.84136748	0.8336	2.1631	3.7011	1.9522	-0.638	0.835	-0.073	-0.649	-0.859	-0.958	-0.990	3.08888602	3
	0.000100	10.0000	0.84142131	0.8332	2.2029	3.6994	1.9054	-0.737	0.761	-0.162	-0.747	-0.961	-1.062	-1.095	3.08890700	3
	0.000100	10.0000	0.84147328	0.8327	2.2434	3.6979	1.8585	-0.838	0.688	-0.253	-0.847	-1.063	-1.167	-1.201	3.08892727	3
	0.000100	10.0000	0.84152776	0.8320	2.2829	3.6963	1.8123	-0.937	0.618	-0.340	-0.944	-1.164	-1.269	-1.304	3.08894873	3
	0.000100	10.0000	0.84157377	0.8314	2.3034	3.6955	1.7884	-0.988	0.582	-0.386	-0.994	-1.216	-1.322	-1.358	3.08896661	3
	0.000100	10.0000	0.84160721	0.8310	2.2929	3.6962	1.8015	-0.962	0.596	-0.364	-0.969	-1.189	-1.295	-1.330	3.08897972	3
	0.000100	10.0000	0.84162068	0.8308	2.3062	3.6956	1.7857	-0.996	0.573	-0.394	-1.001	-1.223	-1.329	-1.365	3.08898497	3
	0.000100	10.0000	0.84166098	0.8302	2.3487	3.6938	1.7357	-1.102	0.501	-0.486	-1.105	-1.331	-1.440	-1.476	3.08900070	3
	0.000100	10.0000	0.84170038	0.8295	2.3925	3.6921	1.6848	-1.211	0.423	-0.583	-1.213	-1.442	-1.553	-1.591	3.08901596	3
	0.000100	10.0000	0.84173453	0.8288	2.4331	3.6902	1.6364	-1.313	0.356	-0.671	-1.312	-1.545	-1.659	-1.697	3.08902931	3
	0.000100	10.0000	0.84176761	0.8281	2.4751	3.6884	1.5865	-1.418	0.286	-0.762	-1.414	-1.652	-1.768	-1.808	3.08904219	3
	0.000100	10.0000	0.84179848	0.8272	2.5175	3.6866	1.5367	-1.524	0.214	-0.854	-1.517	-1.760	-1.878	-1.919	3.08905435	3
	0.000100	10.0000	0.84182537	0.8263	2.5568	3.6848	1.4894	-1.622	0.152	-0.937	-1.613	-1.860	-1.981	-2.022	3.08906484	3
	0.000100	10.0000	0.84185201	0.8253	2.5986	3.6830	1.4399	-1.727	0.086	-1.027	-1.715	-1.966	-2.090	-2.132	3.08907509	3
	0.000100	10.0000	0.84187615	0.8242	2.6390	3.6811	1.3916	-1.828	0.024	-1.112	-1.813	-2.069	-2.195	-2.239	3.08908463	3
	0.000100	10.0000	0.84189790	0.8230	2.6781	3.6793	1.3444	-1.925	-0.034	-1.193	-1.908	-2.169	-2.298	-2.342	3.08909297	3
	0.000100	10.0000	0.84191966	0.8217	2.7200	3.6775	1.2949	-2.030	-0.100	-1.283	-2.010	-2.275	-2.407	-2.452	3.08910155	3
	0.000100	10.0000	0.84194219	0.8201	2.7666	3.6752	1.2380	-2.147	-0.166	-1.379	-2.123	-2.394	-2.529	-2.576	3.08911037	3
	0.000100	10.0000	0.84195995	0.8186	2.8061	3.6733	1.1901	-2.245	-0.215	-1.457	-2.217	-2.493	-2.631	-2.679	3.08911729	3
	0.000100	10.0000	0.84197628	0.8170	2.8449	3.6714	1.1431	-2.342	-0.262	-1.534	-2.308	-2.590	-2.731	-2.781	3.08912373	3
	0.000100	10.0000	0.84199429	0.8149	2.8907	3.6691	1.0869	-2.457	-0.313	-1.622	-2.416	-2.704	-2.850	-2.900	3.08913064	3
	0.000100	10.0000	0.84200901	0.8130	2.9308	3.6673	1.0384	-2.557	-0.362	-1.701	-2.510	-2.804	-2.953	-3.005	3.08913636	3
	0.000100	10.0000	0.84202391	0.8106	2.9744	3.6649	0.9841	-2.666	-0.406	-1.783	-2.612	-2.913	-3.066	-3.120	3.08914232	3
	0.000100	10.0000	0.84203660	0.8083	3.0138	3.6630	0.9356	-2.765	-0.446	-1.857	-2.705	-3.012	-3.168	-3.223	3.08914709	3
	0.000100	10.0000	0.84204954	0.8055	3.0569	3.6607	0.8819	-2.872	-0.485	-1.935	-2.805	-3.120	-3.280	-3.336	3.08915234	3
	0.000100	10.0000	0.84206021	0.8028	3.0944	3.6586	0.8348	-2.966	-0.517	-2.002	-2.892	-3.213	-3.377	-3.435	3.08915639	3
	0.000100	10.0000	0.84207159	0.7994	3.1372	3.6563	0.7810	-3.073	-0.553	-2.079	-2.991	-3.320	-3.488	-3.548	3.08916092	3
	0.000100	10.0000	0.84208262	0.7956	3.1807	3.6539	0.7256	-3.182	-0.587	-2.155	-3.091	-3.429	-3.602	-3.663	3.08916521	3
	0.000100	10.0000	0.84209275	0.7915	3.2221	3.6518	0.6735	-3.285	-0.623	-2.229	-3.187	-3.533	-3.709	-3.772	3.08916903	3
	0.000100	10.0000	0.84209800	0.7891	3.2420	3.6507	0.6478	-3.335	-0.637	-2.262	-3.232	-3.582	-3.761	-3.825	3.08917117	4
	0.000100	10.0000	0.84209800	0.7891	1.7034	3.8884	3.1372	0.511	0.948	0.466	0.568	0.690	0.740	0.774	3.08917117	4
	0.000100	10.0000	0.84209967	0.7891	1.7214	3.8789	3.0812	0.467	0.921	0.432	0.503	0.610	0.657	0.688	3.08917189	4
	0.000100	10.0000	0.84215796	0.7891	1.7307	3.8736	3.0507	0.443	0.909	0.416	0.469	0.568	0.613	0.643	3.08919454	4
	0.000100	10.0000	0.84221470	0.7891	1.7310	3.8743	3.0532	0.442	0.906	0.414	0.469	0.569	0.614	0.644	3.08921671	4
	0.000100	10.0000	0.84227192	0.7891	1.7313	3.8750	3.0557	0.442	0.904	0.412	0.469	0.570	0.616	0.646	3.08923888	4
	0.000100	10.0000	0.84233034	0.7891	1.7315	3.8757	3.0585	0.441	0.901	0.410	0.470	0.573	0.618	0.649	3.08926177	4
	0.000100	10.0000	0.84238404	0.7891	1.7317	3.8763	3.0606	0.441	0.900	0.409	0.471	0.575	0.620	0.651	3.08928251	4
	0.000100	10.0000	0.84244269	0.7891	1.7319	3.8768	3.0625	0.440	0.898	0.408	0.472	0.576	0.622	0.653	3.08930540	4
	0.000100	10.0000	0.84249628	0.7891	1.7321	3.8771	3.0636	0.440	0.897	0.407	0.472	0.577	0.623	0.653	3.08932638	4
	0.000100	10.0000	0.84255534	0.7892	1.7324	3.8772	3.0635	0.439	0.896	0.406	0.471	0.576	0.622	0.653	3.08934927	4
	0.000100	10.0000	0.84261376	0.7892	1.7328	3.8770	3.0625	0.438	0.895	0.405	0.470	0.574	0.620	0.651	3.08937216	4
	0.000100	10.0000	0.84267008	0.7892	1.7335	3.8765	3.0596	0.436	0.894	0.404	0.467	0.571	0.616	0.647	3.08939409	4
	0.000100	10.0000	0.84272885	0.7892	1.7345	3.8754	3.0541	0.434	0.894	0.403	0.462	0.564	0.609	0.640	3.08941698	4
	0.000100	10.0000	0.84278268	0.7892	1.7355	3.8740	3.0476	0.431	0.895	0.403	0.457	0.557	0.602	0.632	3.08943796	4
	0.000100	10.0000	0.84283715	0.7892	1.7369	3.8721	3.0385	0.428	0.897	0.404	0.452	0.548	0.592	0.622	3.08945918	4
	0.000100	10.0000	0.84284347	0.7892	1.7371	3.8718	3.0373	0.427	0.897	0.404	0.451	0.547	0.590	0.620	3.08946157	4
	0.000100	10.0000	0.84289521	0.7892	1.7387	3.8695	3.0264	0.423	0.899	0.405	0.444	0.536	0.579	0.608	3.08948159	4
	0.000100	10.0000	0.84295326	0.7892	1.7408	3.8662	3.0110	0.418	0.902	0.407	0.435	0.521	0.562	0.591	3.08950424	4
	0.000100	10.0000	0.84300888	0.7892	1.7433	3.8624	2.9936	0.412	0.906	0.410	0.425	0.503	0.543	0.571	3.08952594	4
	0.000100	10.0000	0.84306496	0.7892	1.7460	3.8580	2.9731	0.405	0.911	0.413	0.413	0.483	0.521	0.548	3.08954763	4
	0.000100	10.0000	0.84312111	0.7892	1.7492	3.8530	2.9499	0.397	0.917	0.417	0.400	0.460	0.496	0.522	3.08956957	4
	0.000100	10.0000	0.84317535	0.7892	1.7527	3.8474	2.9240	0.388	0.924	0.422	0.386	0.436	0.469	0.494	3.08959055	4
	0.000100	10.0000	0.84322912	0.7892	1.7564	3.8413	2.8961	0.379	0.934	0.429	0.372	0.411	0.441	0.464	3.08961153	4
	0.000100	10.0000	0.84323424	0.7892	1.7568	3.8407	2.8934	0.378	0.935	0.429	0.371	0.409	0.438	0.461	3.08961344	4
	0.000100	10.0000	0.84328455	0.7892	1.7607	3.8345	2.8643	0.368	0.945	0.436	0.357	0.383	0.409	0.430	3.08963299	4
	0.000100	10.0000	0.84334272	0.7892	1.7653	3.8271	2.8301	0.357	0.958	0.445	0.340	0.352	0.374	0.394	3.08965564	4
	0.000100	10.0000	0.84339964	0.7891	1.7703	3.8191	2.7934	0.344	0.975	0.455	0.323	0.322	0.338	0.355	3.08967781	4
	0.000100	10.0000	0.84345323	0.7891	1.7754	3.8111	2.7560	0.331	0.993	0.466	0.307	0.291	0.302	0.316	3.08969879	4
	0.000100	10.0000	0.84351045	0.7891	1.7815	3.8018	2.7128	0.316	1.015	0.479	0.288	0.256	0.259	0.271	3.08972096	4
	0.000100	10.0000	0.84356511	0.7891	1.7876	3.7934	2.6731	0.301	1.038	0.489	0.271	0.224	0.220	0.229	3.08974218	4
	0.000100	10.0000	0.84361899	0.7890	1.7936	3.7869	2.6411	0.286	1.055	0.496	0.254	0.196	0.187	0.193	3.08976316	4
	0.000100	10.0000	0.84367347	0.7890	1.7998	3.7811	2.6118	0.271	1.068	0.499	0.238	0.169	0.156	0.160	3.08978415	4
	0.000100	10.0000	0.84372747	0.7889	1.8066	3.7761	2.5848	0.253	1.076	0.498	0.220	0.143	0.125	0.127	3.08980513	4
	0.000100	10.0000	0.84378725	0.7889	1.8112	3.7730	2.5678	0.242	1.082	0.497	0.208	0.125	0.104	0.106	3.08982849	4
	0.000100	10.0000	0.84384310	0.7888	1.8255	3.7661	2.5259	0.206	1.089	0.486	0.172	0.078	0.050	0.048	3.08985019	4
	0.000100	10.0000	0.84389699	0.7888	1.8458	3.7590	2.4770	0.155	1.083	0.460	0.121	0.015	-0.020	-0.025	3.08987093	4
	0.000100	10.0000	0.84393555	0.7887	1.8732	3.7513	2.4187	0.087	1.064	0.419	0.053	-0.066	-0.109	-0.118	3.08988595	4
	0.000100	10.0000	0.84395564	0.7887	1.9014	3.7443	2.3628	0.016	1.049	0.376	-0.016	-0.148	-0.198	-0.209	3.08989382	4
	0.000100	10.0000	0.84396535	0.7886	1.9319	3.7378	2.3064	-0.060	1.026	0.326	-0.091	-0.234	-0.291	-0.305	3.08989763	4
	0.000100	10.0000	0.84397006	0.7886	1.9659	3.7318	2.2484	-0.145	0.992	0.266	-0.175	-0.328	-0.391	-0.408	3.08989930	4
	0.000100	10.0000	0.84397227	0.7886	1.9995	3.7271	2.1957	-0.229	0.949	0.202	-0.258	-0.419	-0.488	-0.507	3.08990026	4
	0.000100	10.0000	0.84397268	0.7886	2.0042	3.7265	2.1888	-0.240	0.942	0.193	-0.269	-0.432	-0.501	-0.521	3.08990049	5
	0.000100	10.0000	0.84397268	0.7886	2.0105	3.7258	2.1796	-0.256	0.932	0.180	-0.285	-0.448	-0.519	-0.539	3.08990049	7
	0.000100	10.0000	0.84397358	0.7886	2.0388	3.7230	2.1402	-0.327	0.891	0.122	-0.355	-0.523	-0.596	-0.618	3.08990073	7
	0.000100	10.0000	0.84397453	0.7886	2.0780	3.7197	2.0875	-0.425	0.832	0.041	-0.451	-0.625	-0.703	-0.726	3.08990121	7
	0.000100	10.0000	0.84397554	0.7886	2.1170	3.7167	2.0365	-0.523	0.769	-0.041	-0.547	-0.727	-0.808	-0.832	3.08990145	7
	0.000100	10.0000	0.84397650	0.7886	2.1527	3.7142	1.9910	-0.612	0.709	-0.118	-0.634	-0.819	-0.903	-0.929	3.08990192	7
	0.000100	10.0000	0.84397787	0.7886	2.1788	3.7125	1.9582	-0.677	0.664	-0.175	-0.699	-0.887	-0.973	-0.999	3.08990240	7
	0.000100	10.0000	0.84398097	0.7886	2.1642	3.7138	1.9779	-0.640	0.686	-0.145	-0.663	-0.849	-0.933	-0.959	3.08990359	7
	0.000100	10.0000	0.84398741	0.7885	2.1416	3.7152	2.0061	-0.584	0.725	-0.096	-0.607	-0.790	-0.873	-0.898	3.08990622	7
	0.000100	10.0000	0.84401345	0.7883	2.1668	3.7131	1.9723	-0.647	0.688	-0.147	-0.669	-0.856	-0.941	-0.967	3.08991623	7
	0.000100	10.0000	0.84403378	0.7881	2.2116	3.7100	1.9151	-0.759	0.614	-0.244	-0.780	-0.973	-1.061	-1.089	3.08992410	7
	0.000100	10.0000	0.84405398	0.7879	2.2619	3.7068	1.8519	-0.885	0.529	-0.352	-0.904	-1.103	-1.195	-1.225	3.08993196	7
	0.000100	10.0000	0.84407318	0.7877	2.3089	3.7040	1.7935	-1.002	0.448	-0.454	-1.020	-1.224	-1.320	-1.351	3.08993936	7
	0.000100	10.0000	0.84409040	0.7874	2.3520	3.7015	1.7404	-1.110	0.374	-0.548	-1.126	-1.336	-1.435	-1.466	3.08994603	7
	0.000100	10.0000	0.84410578	0.7871	2.3948	3.6992	1.6880	-1.217	0.302	-0.640	-1.231	-1.446	-1.547	-1.581	3.08995199	7
	0.000100	10.0000	0.84411937	0.7868	2.4370	3.6969	1.6364	-1.323	0.238	-0.729	-1.333	-1.553	-1.658	-1.693	3.08995724	7
	0.000100	10.0000	0.84413123	0.7865	2.4785	3.6946	1.5858	-1.426	0.176	-0.816	-1.434	-1.659	-1.766	-1.802	3.08996201	7
	0.000100	10.0000	0.84414196	0.7862	2.5197	3.6924	1.5356	-1.529	0.113	-0.902	-1.534	-1.764	-1.874	-1.911	3.08996606	7
	0.000100	10.0000	0.84415162	0.7858	2.5609	3.6903	1.4854	-1.632	0.052	-0.988	-1.634	-1.868	-1.982	-2.021	3.08996987	7
	0.000100	10.0000	0.84416056	0.7855	2.6024	3.6881	1.4350	-1.736	-0.008	-1.074	-1.734	-1.974	-2.091	-2.131	3.08997321	7
	0.000100	10.0000	0.84416878	0.7851	2.6437	3.6859	1.3846	-1.839	-0.066	-1.160	-1.834	-2.080	-2.200	-2.240	3.08997655	7
	0.000100	10.0000	0.84417653	0.7846	2.6848	3.6837	1.3345	-1.942	-0.124	-1.244	-1.934	-2.184	-2.308	-2.350	3.08997941	7
	0.000100	10.0000	0.84418392	0.7841	2.7257	3.6815	1.2845	-2.044	-0.180	-1.327	-2.033	-2.289	-2.415	-2.458	3.08998251	7
	0.000100	10.0000	0.84419101	0.7836	2.7665	3.6793	1.2347	-2.146	-0.235	-1.410	-2.131	-2.393	-2.522	-2.567	3.08998513	7
	0.000100	10.0000	0.84419781	0.7830	2.8082	3.6770	1.1835	-2.251	-0.291	-1.494	-2.232	-2.499	-2.632	-2.678	3.08998775	7
	0.000100	10.0000	0.84420395	0.7823	2.8514	3.6746	1.1305	-2.358	-0.346	-1.580	-2.335	-2.609	-2.745	-2.793	3.08999014	7
	0.000100	10.0000	0.84420913	0.7817	2.8938	3.6723	1.0783	-2.464	-0.389	-1.660	-2.434	-2.714	-2.855	-2.904	3.08999228	7
	0.000100	10.0000	0.84421360	0.7810	2.9368	3.6698	1.0252	-2.572	-0.432	-1.741	-2.534	-2.822	-2.966	-3.017	3.08999395	7
	0.000100	10.0000	0.84421748	0.7803	2.9778	3.6675	0.9744	-2.674	-0.469	-1.816	-2.629	-2.924	-3.073	-3.125	3.08999538	7
	0.000100	10.0000	0.84422123	0.7796	3.0173	3.6652	0.9253	-2.773	-0.501	-1.887	-2.721	-3.023	-3.175	-3.229	3.08999681	7
	0.000100	10.0000	0.84422511	0.7787	3.0623	3.6626	0.8693	-2.886	-0.538	-1.967	-2.825	-3.135	-3.292	-3.348	3.08999848	7
	0.000100	10.0000	0.84422839	0.7777	3.1496	3.6571	0.7598	-3.104	-0.596	-2.116	-3.024	-3.353	-3.520	-3.579	3.08999968	7
	0.000100	10.0000	0.84422910	0.7775	3.2144	3.6529	0.6780	-3.266	-0.632	-2.222	-3.171	-3.514	-3.689	-3.751	3.08999991	7
	0.000100	10.0000	0.84422946	0.7773	3.2466	3.6509	0.6373	-3.347	-0.649	-2.275	-3.244	-3.594	-3.773	-3.837	3.09000015	7
	0.000100	10.0000	0.84422976	0.7771	3.2600	3.6500	0.6204	-3.380	-0.656	-2.296	-3.275	-3.628	-3.808	-3.872	3.09000015	7
	0.000100	10.0000	0.84422988	0.7770	3.2609	3.6499	0.6193	-3.382	-0.657	-2.298	-3.277	-3.630	-3.810	-3.874	3.09000015	8
